var topicmodeldata = {
  "TermCoFreqs": {
    "apr": {
      "apr": 1374, 
      "article": 7139, 
      "don": 3545, 
      "god": 1390, 
      "good": 1982, 
      "max": 74, 
      "people": 3355, 
      "subject": 5614, 
      "time": 1949, 
      "writes": 7183
    }, 
    "article": {
      "article": 4502, 
      "don": 9841, 
      "god": 4359, 
      "good": 5642, 
      "max": 212, 
      "people": 9685, 
      "subject": 13369, 
      "time": 5845, 
      "writes": 17291
    }, 
    "don": {
      "don": 16783, 
      "god": 8095, 
      "good": 11274, 
      "max": 364, 
      "people": 26864, 
      "subject": 14300, 
      "time": 15983, 
      "writes": 9664
    }, 
    "god": {
      "god": 36552, 
      "good": 6956, 
      "max": 78, 
      "people": 17441, 
      "subject": 7155, 
      "time": 6762, 
      "writes": 4464
    }, 
    "good": {
      "good": 6344, 
      "max": 171, 
      "people": 11617, 
      "subject": 8451, 
      "time": 7503, 
      "writes": 5345
    }, 
    "max": {
      "max": 1213862, 
      "people": 255, 
      "subject": 5271, 
      "time": 1415, 
      "writes": 184
    }, 
    "people": {
      "people": 25246, 
      "subject": 12968, 
      "time": 17087, 
      "writes": 9900
    }, 
    "subject": {
      "subject": 6867, 
      "time": 10035, 
      "writes": 14387
    }, 
    "time": {
      "time": 7879, 
      "writes": 5455
    }, 
    "writes": {
      "writes": 4591
    }
  }, 
  "TermIndex": [
    {
      "freq": 20356.099999999995, 
      "text": "subject"
    }, 
    {
      "freq": 13341.100000000002, 
      "text": "writes"
    }, 
    {
      "freq": 11469.100000000002, 
      "text": "article"
    }, 
    {
      "freq": 9923.100000000002, 
      "text": "don"
    }, 
    {
      "freq": 9461.100000000002, 
      "text": "people"
    }, 
    {
      "freq": 6676.100000000001, 
      "text": "time"
    }, 
    {
      "freq": 5927.100000000001, 
      "text": "good"
    }, 
    {
      "freq": 5060.1, 
      "text": "god"
    }, 
    {
      "freq": 4921.100000000002, 
      "text": "max"
    }, 
    {
      "freq": 4831.100000000001, 
      "text": "apr"
    }
  ], 
  "TermTopicMatrix": {
    "apr": [
      96.01, 
      406.01, 
      0.01, 
      3535.01, 
      304.01, 
      0.01, 
      295.01, 
      0.01, 
      0.01, 
      195.01
    ], 
    "article": [
      466.01, 
      0.01, 
      0.01, 
      8127.01, 
      1205.01, 
      0.01, 
      917.01, 
      711.01, 
      43.01, 
      0.01
    ], 
    "don": [
      0.01, 
      846.01, 
      2436.01, 
      2729.01, 
      773.01, 
      514.01, 
      459.01, 
      1819.01, 
      347.01, 
      0.01
    ], 
    "god": [
      0.01, 
      0.01, 
      0.01, 
      0.01, 
      0.01, 
      0.01, 
      0.01, 
      5060.01, 
      0.01, 
      0.01
    ], 
    "good": [
      153.01, 
      1000.01, 
      888.01, 
      1594.01, 
      682.01, 
      454.01, 
      0.01, 
      971.01, 
      185.01, 
      0.01
    ], 
    "max": [
      4921.01, 
      0.01, 
      0.01, 
      0.01, 
      0.01, 
      0.01, 
      0.01, 
      0.01, 
      0.01, 
      0.01
    ], 
    "people": [
      0.01, 
      0.01, 
      4125.01, 
      0.01, 
      0.01, 
      0.01, 
      2446.01, 
      2890.01, 
      0.01, 
      0.01
    ], 
    "subject": [
      1849.01, 
      2023.01, 
      0.01, 
      5645.01, 
      3377.01, 
      3967.01, 
      610.01, 
      925.01, 
      956.01, 
      1004.01
    ], 
    "time": [
      0.01, 
      783.01, 
      1233.01, 
      628.01, 
      574.01, 
      452.01, 
      711.01, 
      966.01, 
      532.01, 
      797.01
    ], 
    "writes": [
      0.01, 
      911.01, 
      0.01, 
      9318.01, 
      1364.01, 
      0.01, 
      819.01, 
      929.01, 
      0.01, 
      0.01
    ]
  }, 
  "TopicCooccurrence": [
    [
      187.96350261825054, 
      122.8983090203644, 
      126.00554965876067, 
      145.19000523303086, 
      122.55521648749765, 
      140.15906207572363, 
      110.22331123138635, 
      134.10611185756605, 
      125.01919149509003, 
      123.58085718187745
    ], 
    [
      122.8983090203644, 
      454.3052493833784, 
      169.23344037799433, 
      201.8673114557426, 
      157.88182001747768, 
      181.04288166427824, 
      148.8576674927372, 
      171.00449732294766, 
      159.37928618680516, 
      158.33277175353138
    ], 
    [
      126.00554965876067, 
      169.23344037799433, 
      330.6338922296877, 
      206.86686992284794, 
      182.17046717143006, 
      177.23496519416244, 
      195.11155347685494, 
      205.08213442498013, 
      156.56262581464864, 
      169.939816594778
    ], 
    [
      145.19000523303086, 
      201.8673114557426, 
      206.86686992284794, 
      382.455774194834, 
      188.41652664463587, 
      231.9354342289285, 
      180.66248392092436, 
      211.9058984336451, 
      187.03770357971234, 
      194.9852561921466
    ], 
    [
      122.55521648749765, 
      157.88182001747768, 
      182.17046717143006, 
      188.41652664463587, 
      315.5535260934635, 
      200.64022620486472, 
      146.7168168229745, 
      170.3051421595713, 
      178.93285656753787, 
      167.12906735745807
    ], 
    [
      140.15906207572363, 
      181.04288166427824, 
      177.23496519416244, 
      231.9354342289285, 
      200.64022620486472, 
      436.3862354145499, 
      154.57649811716382, 
      176.7898293802203, 
      222.3501472422607, 
      186.40793538907636
    ], 
    [
      110.22331123138635, 
      148.8576674927372, 
      195.11155347685494, 
      180.66248392092436, 
      146.7168168229745, 
      154.57649811716382, 
      361.13433726432714, 
      189.11046124663693, 
      138.39659965368784, 
      144.5822223874287
    ], 
    [
      134.10611185756605, 
      171.00449732294766, 
      205.08213442498013, 
      211.9058984336451, 
      170.3051421595713, 
      176.7898293802203, 
      189.11046124663693, 
      531.7997564060348, 
      163.34814641521385, 
      172.1248404336475
    ], 
    [
      125.01919149509003, 
      159.37928618680516, 
      156.56262581464864, 
      187.03770357971234, 
      178.93285656753787, 
      222.3501472422607, 
      138.39659965368784, 
      163.34814641521385, 
      389.73406930677, 
      168.45263898362566
    ], 
    [
      123.58085718187745, 
      158.33277175353138, 
      169.939816594778, 
      194.9852561921466, 
      167.12906735745807, 
      186.40793538907636, 
      144.5822223874287, 
      172.1248404336475, 
      168.45263898362566, 
      307.8087481409312
    ]
  ], 
  "TopicIndex": [
    {
      "freq": 144126.96999992224, 
      "index": 0
    }, 
    {
      "freq": 212715.9700008459, 
      "index": 1
    }, 
    {
      "freq": 292677.97000102326, 
      "index": 2
    }, 
    {
      "freq": 214312.9700009441, 
      "index": 3
    }, 
    {
      "freq": 199316.9700009209, 
      "index": 4
    }, 
    {
      "freq": 209973.9700008596, 
      "index": 5
    }, 
    {
      "freq": 257617.9700009766, 
      "index": 6
    }, 
    {
      "freq": 307104.9700010335, 
      "index": 7
    }, 
    {
      "freq": 277960.9700009795, 
      "index": 8
    }, 
    {
      "freq": 220165.97000092792, 
      "index": 9
    }
  ], 
  "configs": {
    "attribute": "GroupInABox", 
    "attributes": [
      "GroupInABox"
    ], 
    "dataset": "10newsgroups", 
    "datasets": [
      "10newsgroups", 
      "15newsgroups", 
      "20newsgroups", 
      "infovis_mallet"
    ], 
    "model": "vis", 
    "models": [
      "corpus", 
      "lda", 
      "vis"
    ], 
    "server": "127.0.0.1:8075"
  }, 
  "params": {
    "docLimit": 100, 
    "docOffset": 0, 
    "searchLimit": 100, 
    "searchOffset": 0, 
    "searchOrdering": "", 
    "searchText": "", 
    "termLimit": 10, 
    "termOffset": 0
  }, 
  "termCount": 10, 
  "termMaxCount": 112597, 
  "topicCount": 10, 
  "topicMaxCount": 10
};